
----------------------------------------------
Test     Number of    Correct       False 
Image    Objects      Detections    Detections 
----------------------------------------------

	0			1			1			0
	1			2			2			0
	2			1			1			0
	3			2			2			0
	4			2			2			0
	5			1			1			0
	6			2			1			0
	7			2			1			0
	8			1			1			0
	9			2			1			0
	10			2			1			0
	11			2			2			0
	12			1			1			0
	13			1			1			0
	14			1			1			0
	15			3			3			0
	16			1			1			0
	17			1			0			0
	18			2			2			0
	19			3			2			0
	20			1			1			0
	21			1			1			0
	22			1			1			0
	23			1			1			0
	24			1			0			0
	25			1			1			0
	26			2			1			0
	27			1			1			1
	28			1			1			0
	29			1			1			0
	30			1			1			0
	31			1			1			0
	32			2			2			0
	33			1			1			0
	34			1			1			0
	35			1			1			1
	36			1			1			0
	37			1			1			0
	38			1			1			0
	39			1			1			0
	40			2			0			0
	41			1			1			0
	42			1			0			0
	43			1			1			0
	44			1			1			1
	45			1			1			0
	46			2			2			0
	47			1			1			0
	48			1			1			0
	49			1			1			0
	50			1			1			0
	51			1			1			0
	52			1			1			0
	53			1			1			0
	54			1			1			0
	55			1			1			0
	56			1			1			0
	57			1			1			0
	58			1			1			0
	59			1			0			0
	60			1			1			0
	61			1			1			0
	62			1			0			0
	63			1			1			0
	64			1			1			0
	65			1			1			0
	66			2			2			0
	67			1			1			0
	68			2			2			0
	69			1			1			0
	70			1			1			0
	71			1			1			0
	72			1			1			0
	73			1			1			0
	74			1			0			0
	75			1			1			0
	76			1			1			0
	77			1			1			0
	78			1			1			0
	79			1			1			0
	80			1			1			0
	81			1			1			0
	82			1			1			0
	83			1			1			0
	84			1			1			0
	85			1			1			0
	86			2			2			0
	87			1			1			0
	88			1			1			0
	89			1			1			0
	90			1			1			0
	91			1			1			0
	92			1			1			0
	93			1			1			0
	94			1			1			0
	95			1			0			0
	96			1			1			0
	97			1			1			0
	98			2			1			0
	99			1			0			0
	100			1			1			0
	101			1			1			0
	102			1			1			0
	103			1			0			0
	104			2			1			0
	105			2			2			0
	106			1			1			0
	107			1			1			0
	108			2			1			0
	109			1			1			0
	110			1			1			0
	111			1			1			0
	112			1			1			0
	113			2			2			0
	114			1			1			0
	115			1			1			0
	116			1			1			0
	117			2			2			0
	118			1			0			0
	119			1			1			0
	120			1			1			0
	121			1			1			0
	122			2			2			0
	123			1			1			0
	124			1			1			0
	125			1			1			0
	126			1			1			0
	127			1			1			0
	128			1			1			0
	129			1			1			0
	130			1			1			0
	131			1			0			0
	132			2			2			0
	133			1			1			0
	134			1			1			0
	135			1			1			0
	136			1			1			0
	137			1			1			0
	138			1			1			0
	139			1			1			0
	140			1			1			0
	141			1			1			0
	142			1			1			0
	143			2			2			0
	144			1			1			1
	145			1			1			0
	146			1			1			0
	147			1			0			0
	148			1			1			0
	149			1			1			1
	150			1			1			0
	151			1			1			0
	152			1			1			0
	153			1			1			0
	154			1			1			0
	155			1			1			0
	156			1			0			0
	157			1			1			0
	158			1			1			0
	159			1			1			0
	160			1			1			0
	161			1			1			0
	162			1			1			0
	163			1			1			0
	164			1			1			0
	165			2			2			0
	166			1			1			0
	167			1			1			0
	168			1			1			0
	169			1			1			0

------------------------------------------------
	Total		200			176			5
------------------------------------------------
